k = 0
Y = (1, 1, 1, 1, 1, 1, 1, 1, 1, 1, 1, 1, 1, 1, 1, 1),
W = (0.0, 0.0, 0.0, 0.0, 0.0), E = 3


k = 1
Y = (1, 1, 1, 1, 1, 1, 1, 1, 1, 1, 1, 1, 1, 1, 1, 1),
W = (0.147, -0.0, 0.15, 0.147, 0.147), E = 3


k = 2
Y = (0, 1, 1, 1, 1, 1, 1, 1, 0, 1, 1, 1, 1, 1, 1, 1),
W = (-0.009, -0.013, 0.15, 0.297, 0.137), E = 1


k = 3
Y = (1, 1, 1, 1, 1, 1, 1, 1, 1, 1, 1, 1, 1, 1, 1, 1),
W = (0.143, 0.137, 0.3, 0.297, 0.14), E = 3


k = 4
Y = (0, 1, 1, 1, 1, 1, 1, 1, 1, 1, 1, 1, 1, 1, 1, 1),
W = (-0.001, 0.287, 0.3, 0.297, 0.142), E = 2


k = 5
Y = (0, 0, 1, 1, 1, 1, 1, 1, 1, 1, 1, 1, 1, 1, 1, 1),
W = (-0.149, 0.286, 0.3, 0.297, 0.142), E = 1


k = 6
Y = (0, 1, 1, 1, 1, 1, 1, 1, 1, 1, 1, 1, 1, 1, 1, 1),
W = (-0.147, 0.289, 0.3, 0.297, 0.292), E = 2


k = 7
Y = (0, 0, 1, 1, 1, 1, 1, 1, 0, 1, 1, 1, 1, 1, 1, 1),
W = (-0.294, 0.289, 0.3, 0.297, 0.145), E = 0


